w =

    0.5764   -0.1163    0.1309    0.0279   -0.0254   -0.3365    0.0246


w =

   68.2542   -0.0686    1.5443    1.6455   -0.0750   -9.9209    1.4517


SSE Training = 3.9934e+04

SSE Testing = 4.4298e+03