w =

    0.7411   -1.1742    1.0391    0.1377   -0.0131    0.0041    0.0041    0.0041   -0.0140   -0.0496

    0.0220   -0.1160   -0.0684   -0.1641    0.0046    0.0046    0.0046


w =

   76.8153   -0.6924    0.0061    1.6244   -0.0308    0.2394    0.1197    0.5018   -0.0414   -0.0021

    5.0856   -3.4203   -0.2522  -43.6166    0.2717    0.0906    0.9025


SSE Training = 1.8091e+04

SSE Testing = 2.0002e+03