
sse_test =

  228.4289


sse_train =

   1.1957e+03
